[Window]
startupPosX=162
startupPosY=90
viewportWidth=1024
viewportHeigth=800
colBGx=0.25
colBGy=0.6499999761581421
colBGz=0.8500000238418579
colBGw=1.0
theme=2
[Image]
imageSaveFormatIndex=0
