[Window]
startupPosX=396
startupPosY=70
viewportWidth=1011
viewportHeigth=883
colBGx=0.3949446678161621
colBGy=0.4740740656852722
colBGz=0.3371193110942841
colBGw=1.0
theme=2
