[Window]
startupPosX=272
startupPosY=82
viewportWidth=1024
viewportHeigth=842
colBGx=0.3949446678161621
colBGy=0.4740740656852722
colBGz=0.3371193110942841
colBGw=1.0
