[Window]
startupPosX=412
startupPosY=56
viewportWidth=1011
viewportHeigth=883
colBGx=0.39494467
colBGy=0.47407407
colBGz=0.3371193
colBGw=1.0
