[Window]
startupPosX=207
startupPosY=85
viewportWidth=1024
viewportHeigth=900
colBGx=0.25
colBGy=0.6499999761581421
colBGz=0.8500000238418579
colBGw=1.0
[Image]
imageSaveFormatIndex=0
