[Window]
startupPosX=428
startupPosY=68
viewportWidth=1036
viewportHeigth=819
colBGx=0.25
colBGy=0.6499999761581421
colBGz=0.8500000238418579
colBGw=1.0
theme=2
[Image]
imageSaveFormatIndex=0
