[Window]
startupPosX=465
startupPosY=82
viewportWidth=989
viewportHeigth=867
colBGx=0.5518793
colBGy=0.68025994
colBGz=0.7925926
colBGw=1.0
