[Window]
startupPosX=465
startupPosY=82
viewportWidth=989
viewportHeigth=867
colBGx=0.5518792867660522
colBGy=0.6802599430084229
colBGz=0.7925925850868225
colBGw=1.0
theme=2
