[Window]
startupPosX=350
startupPosY=69
viewportWidth=990
viewportHeigth=859
colBGx=0.12302959
colBGy=0.39215684
colBGz=0.30508623
colBGw=1.0
