[Window]
startupPosX=465
startupPosY=81
viewportWidth=989
viewportHeigth=870
colBGx=0.52592593
colBGy=0.5239348
colBGz=0.43632376
colBGw=1.0
