[Window]
startupPosX=305
startupPosY=101
viewportWidth=982
viewportHeigth=747
colBGx=0.25
colBGy=0.6499999761581421
colBGz=0.8500000238418579
colBGw=1.0
theme=2
[Image]
imageSaveFormatIndex=0
