[Window]
startupPosX=369
startupPosY=58
viewportWidth=1024
viewportHeigth=887
colBGx=0.5019917488098145
colBGy=0.4997530579566956
colBGz=0.5333333015441895
colBGw=1.0
