[Window]
startupPosX=369
startupPosY=58
viewportWidth=1024
viewportHeigth=887
colBGx=0.50199175
colBGy=0.49975306
colBGz=0.5333333
colBGw=1.0
