[Window]
startupPosX=477
startupPosY=59
viewportWidth=1024
viewportHeigth=887
colBGx=0.50199175
colBGy=0.49975306
colBGz=0.5333333
colBGw=1.0
